                   ObjID class         g         i         r         u  \
0    1237645877949694466  null  21.56880  20.32318  20.72779  22.46121   
1    1237645876891812412  null  22.00467  20.11442  20.68517  22.46246   
2    1237645876889256507  null  22.02703  19.69945  20.48940  22.46491   
3    1237645876892729792  null  21.44466  20.19311  20.54710  22.46620   
4    1237645879043490365  null  22.03333  20.63124  20.95892  22.46738   
5    1237645878489776602  null  21.65781  20.52528  21.05725  22.46888   
6    1237645878485647869  null  22.37506  21.21584  21.36708  22.46925   
7    1237645877411250671  null  21.75774  20.58550  21.02464  22.47410   
8    1237645877949104594  null  21.75866  20.05984  20.42227  22.47534   
9    1237645877431042653  null  21.79160  19.59572  20.31202  22.47539   
10   1237645877414068783  null  21.65189  20.16237  20.63062  22.47630   
11   1237645879029072266  null  22.17155  21.79683  22.17392  22.47831   
12   1237645878492397869  null  20.22550  18.51233  19.06869  22.47836   
13   1237645878502883787  null  22.36014  21.20848  21.59847  22.48022   
14   1237645879553753372  null  21.56223  20.68793  21.01557  22.48137   
15   1237645877951922607  null  22.18937  21.38222  21.59586  22.48391   
16   1237645879565943358  null  22.29525  20.76447  20.96049  22.48660   
17   1237645879550869783  null  21.01740  19.38877  19.92946  22.48871   
18   1237645879028154871  null  21.42597  20.02954  20.52368  22.48900   
19   1237645877424226691  null  21.65103  20.64665  20.90875  22.49271   
20   1237645876879491602  null  21.74791  20.54828  20.78613  22.49395   
21   1237645877404369197  null  21.18881  19.84767  20.28596  22.49454   
22   1237645878487351701  null  21.33793  20.96717  20.98920  22.49700   
23   1237645879565877796  null  22.09501  20.85793  21.04966  22.49777   
24   1237645879015506386  null  21.93424  20.22268  20.71398  22.49824   
25   1237645878494757436  null  21.32555  20.31541  20.73690  22.50261   
26   1237645877954806400  null  22.12459  20.60589  21.27203  22.50362   
27   1237645878489252463  null  21.69872  20.95501  21.11243  22.50544   
28   1237645879043555555  null  20.82922  18.97743  19.39304  22.50602   
29   1237645877944779176  null  22.09793  21.40430  21.37241  22.50752   
..                   ...   ...       ...       ...       ...       ...   
969  1237645877951005012  null  22.24900  20.84264  21.05925  22.60326   
970  1237645879031169649  null  21.86330  21.29342  21.64878  22.60403   
971  1237645877951726104  null  21.56131  20.61373  20.81684  22.60437   
972  1237645879567778285  null  21.78423  21.35690  21.33324  22.60577   
973  1237645877408235969  null  22.36646  20.99706  21.70427  22.60769   
974  1237645879036281328  null  21.92339  21.33418  21.39487  22.60824   
975  1237645879020159307  null  21.85756  21.44144  21.86483  22.61080   
976  1237645879032087181  null  21.94257  20.71246  21.07285  22.61100   
977  1237645878488858887  null  22.66122  21.01044  21.39331  22.61104   
978  1237645877948383963  null  21.34048  19.44890  19.98310  22.61519   
979  1237645878503080262  null  22.06425  21.18089  21.44160  22.61541   
980  1237645877425799761  null  22.21591  21.15769  21.61213  22.61588   
981  1237645877937045933  null  22.08766  20.88304  21.12110  22.61614   
982  1237645878488793531  null  21.95381  20.40346  20.85155  22.61686   
983  1237645878476800466  null  22.02435  20.69099  21.03563  22.61691   
984  1237645877968568741  null  21.17370  20.09058  20.54255  22.61772   
985  1237645878480798050  null  22.03582  20.29783  20.76652  22.62062   
986  1237645878498886194  null  22.54535  21.51168  21.93634  22.62384   
987  1237645877953430009  null  21.91294  20.76087  20.91717  22.62590   
988  1237645877411643967  null  21.63060  20.98290  21.30293  22.62602   
989  1237645878494888238  null  22.28434  21.32414  21.41336  22.62703   
990  1237645878491939295  null  21.27867  19.27713  20.06789  22.62773   
991  1237645877947924936  null  21.30007  20.64521  20.74288  22.62954   
992  1237645878484796034  null  21.74322  20.83853  21.03938  22.63214   
993  1237645879566860725  null  22.90224  21.23038  22.00270  22.63652   
994  1237645877951070854  null  22.84597  20.94067  21.48781  22.63963   
995  1237645877936390522  null  21.10860  20.26491  20.55136  22.64732   
996  1237645879026254464  null  22.08610  20.98768  21.64305  22.64842   
997  1237645877413216780  null  22.34111  21.82874  22.14144  22.64909   
998  1237645879566336486  null  21.99990  20.33851  21.02802  22.64914   

            z Predicted Class  
0    20.20296            NQSO  
1    19.86087            NQSO  
2    19.27580            NQSO  
3    19.52165            NQSO  
4    20.52635            NQSO  
5    20.04527            NQSO  
6    20.49863             QSO  
7    20.61438            NQSO  
8    19.66585            NQSO  
9    19.05349            NQSO  
10   19.67268            NQSO  
11   21.12589             QSO  
12   18.07401            NQSO  
13   20.28735             QSO  
14   20.46576            NQSO  
15   21.59261            NQSO  
16   20.32725            NQSO  
17   18.88154            NQSO  
18   19.85619            NQSO  
19   20.57205            NQSO  
20   19.68511            NQSO  
21   19.95540            NQSO  
22   21.33656            NQSO  
23   20.86441            NQSO  
24   19.90400            NQSO  
25   20.29500            NQSO  
26   19.84047            NQSO  
27   20.29089            NQSO  
28   18.70182            NQSO  
29   21.13993            NQSO  
..        ...             ...  
969  20.49802            NQSO  
970  21.11582             QSO  
971  20.91412            NQSO  
972  21.63525            NQSO  
973  21.93390            NQSO  
974  21.50530            NQSO  
975  22.16000            NQSO  
976  19.99575            NQSO  
977  20.37833            NQSO  
978  19.09414            NQSO  
979  22.55868            NQSO  
980  22.20035            NQSO  
981  20.65215            NQSO  
982  19.71904            NQSO  
983  21.07062            NQSO  
984  19.95411            NQSO  
985  20.49530            NQSO  
986  21.20991             QSO  
987  20.32522            NQSO  
988  20.84023            NQSO  
989  20.61501             QSO  
990  18.89438            NQSO  
991  21.28600            NQSO  
992  21.02410            NQSO  
993  21.13839             QSO  
994  21.19615            NQSO  
995  20.24246            NQSO  
996  21.51740            NQSO  
997  21.20028             QSO  
998  20.09382            NQSO  

[999 rows x 8 columns]
